383.68820
388.69519
393.70221
398.70920
403.71631
408.72330
413.73029
418.73740
423.74438
428.75140
433.75839
438.76550
443.77249
448.77951
453.78659
458.79361
463.80060
468.80759
473.81470
478.82169
483.82870
488.83578
493.84280
498.84979
503.85681
508.86389
513.87091
518.87793
523.88501
528.89203
533.89899
538.90601
543.91309
548.92010
553.92712
558.93420
563.94122
568.94818
573.95532
578.96228
583.96930
588.97632
593.98340
598.99042
603.99738
609.00452
614.01147
619.01849
624.02551
629.03259
634.03961
639.04657
644.05371
649.06073
654.06769
659.07471
664.08179
669.08881
674.09583
679.10291
684.10992
689.11688
694.12390
699.13098
704.13800
709.14502
714.15210
719.15912
724.16608
729.17310
734.18018
739.18719
744.19421
749.20129
754.20831
759.21527
764.22241
769.22937
774.23639
779.24341
784.25049
789.25751
794.26453
799.27161
804.27863
809.28558
814.29260
819.29968
824.30670
829.31372
834.32080
839.32782
844.33478
849.34180
854.34888
859.35590
864.36292
869.37000
874.37701
879.38397
884.39099
889.39807
894.40509
899.41211
904.41919
909.42621
914.43323
919.44019
924.44733
929.45428
934.46130
939.46838
944.47540
949.48242
954.48938
959.49652
964.50348
969.51050
974.51758
979.52460
984.53162
989.53870
994.54572
999.55267
1004.55969
1009.56677
1014.57379
1019.58081
1024.58789
1029.59485
1034.60193
1039.60889
1044.61597
1049.62305
1054.63000
1059.63708
1064.64404
1069.65112
1074.65808
1079.66516
1084.67224
1089.67920
1094.68628
1099.69336
1104.70032
1109.70728
1114.71436
1119.72144
1124.72839
1129.73547
1134.74255
1139.74951
1144.75647
1149.76355
1154.77063
1159.77759
1164.78467
1169.79175
1174.79871
1179.80566
1184.81274
1189.81982
1194.82678
1199.83386
1204.84094
1209.84790
1214.85498
1219.86206
1224.86902
1229.87598
1234.88306
1239.89014
1244.89709
1249.90417
1254.91125
1259.91821
1264.92517
1269.93225
1274.93933
1279.94629
1284.95337
1289.96045
1294.96741
1299.97437
1304.98145
1309.98853
1314.99548
1320.00256
1325.00964
1330.01660
1335.02356
1340.03064
1345.03772
1350.04468
1355.05176
1360.05884
1365.06580
1370.07275
1375.07996
1380.08691
1385.09387
1390.10095
1395.10803
1400.11499
1405.12207
1410.12915
1415.13611
1420.14307
1425.15015
1430.15723
1435.16418
1440.17126
1445.17834
1450.18530
1455.19226
1460.19934
1465.20642
1470.21338
1475.22046
1480.22754
1485.23450
1490.24146
1495.24866
1500.25562
1505.26257
1510.26965
1515.27673
1520.28369
1525.29065
1530.29785
1535.30481
1540.31177
1545.31885
1550.32593
1555.33289
1560.33984
1565.34705
1570.35400
1575.36096
1580.36804
1585.37512
1590.38208
1595.38916
1600.39624
1605.40320
1610.41016
1615.41736
1620.42432
1625.43127
1630.43835
1635.44543
1640.45239
1645.45935
1650.46655
1655.47351
1660.48047
1665.48755
1670.49463
1675.50159
1680.50854
1685.51575
1690.52271
1695.52966
1700.53674
1705.54382
1710.55078
1715.55774
1720.56494
1725.57190
1730.57886
1735.58606
1740.59302
1745.59998
1750.60706
1755.61414
1760.62109
1765.62805
1770.63525
1775.64221
1780.64917
1785.65625
1790.66333
1795.67029
1800.67725
1805.68445
1810.69141
1815.69836
1820.70544
1825.71252
1830.71948
1835.72644
1840.73364
1845.74060
1850.74756
1855.75476
1860.76172
1865.76868
1870.77576
1875.78284
1880.78979
1885.79675
1890.80396
1895.81091
1900.81787
1905.82495
1910.83203
1915.83899
1920.84595
1925.85315
1930.86011
1935.86707
1940.87415
1945.88123
1950.88818
1955.89514
1960.90234
1965.90930
1970.91626
1975.92334
1980.93042
1985.93738
1990.94446
1995.95154
2000.95850
2005.96545
2010.97253
2015.97961
2020.98657
2025.99365
2031.00073
2036.00769
2041.01465
2046.02185
2051.02881
2056.03589
2061.04272
2066.04980
2071.05688
2076.06396
2081.07104
2086.07788
2091.08496
2096.09204
2101.09912
2106.10620
2111.11304
2116.12012
2121.12720
2126.13428
2131.14111
2136.14819
2141.15527
2146.16235
2151.16943
2156.17651
2161.18335
2166.19043
2171.19751
2176.20459
2181.21143
2186.21851
2191.22559
2196.23267
2201.23950
2206.24658
2211.25366
2216.26074
2221.26782
2226.27490
2231.28174
2236.28882
2241.29590
2246.30298
2251.30981
2256.31689
2261.32397
2266.33105
2271.33813
2276.34521
2281.35205
2286.35913
2291.36621
2296.37329
2301.38013
2306.38721
2311.39429
2316.40137
2321.40820
2326.41528
2331.42236
2336.42944
2341.43652
2346.44360
2351.45044
2356.45752
2361.46460
2366.47168
2371.47852
2376.48560
2381.49268
2386.49976
2391.50659
2396.51392
2401.52075
2406.52783
2411.53491
2416.54199
2421.54883
2426.55591
2431.56299
2436.57007
2441.57690
2446.58398
2451.59106
2456.59814
2461.60498
2466.61230
2471.61914
2476.62622
2481.63330
2486.64038
2491.64722
2496.65430
2501.66138
2506.66846
2511.67529
